Date,Close/Last,Volume,Open,High,Low
10/10/2025,$324.63,28941010,$345.39,$350.60,$324.05
10/09/2025,$345.02,17643740,$345.75,$347.31,$340.40
10/08/2025,$345.50,21478340,$333.82,$346.54,$332.62
10/07/2025,$336.41,18086710,$337.025,$338.11,$326.58
10/06/2025,$335.49,18465730,$335.92,$344.13,$334.56
10/03/2025,$338.37,14749070,$341.50,$344.40,$335.74
10/02/2025,$338.18,19917620,$347.61,$347.61,$335.25
10/01/2025,$333.39,21122690,$328.145,$337.95,$324.50
09/30/2025,$329.91,20109460,$330.12,$331.05,$324.61
09/29/2025,$327.90,21336000,$336.00,$341.05,$327.55
09/26/2025,$334.53,15464700,$337.43,$339.08,$330.5801
09/25/2025,$336.10,21678190,$332.99,$338.062,$327.30
09/24/2025,$339.31,19677300,$339.755,$340.0799,$333.81
09/23/2025,$338.94,21944080,$340.24,$345.215,$337.0216
09/22/2025,$338.79,28660030,$342.425,$346.67,$337.94
09/19/2025,$344.94,41240070,$344.65,$346.27,$336.43
09/18/2025,$345.35,24663890,$350.00,$350.70,$343.79
09/17/2025,$346.17,45197130,$358.85,$359.93,$341.50
09/16/2025,$360.00,21306510,$365.425,$365.69,$356.99
09/15/2025,$364.09,21792190,$359.87,$365.50,$356.34
09/12/2025,$359.87,31949800,$362.91,$364.385,$357.16
09/11/2025,$359.63,29430950,$371.18,$374.23,$358.7604
09/10/2025,$369.57,51086830,$351.52,$372.97,$350.55
09/09/2025,$336.67,26972320,$349.545,$350.98,$335.83
09/08/2025,$345.65,43535640,$342.75,$354.1656,$341.2501
09/05/2025,$334.89,78401550,$355.78,$356.34,$331.42
09/04/2025,$306.10,31220800,$305.06,$308.78,$302.2501
09/03/2025,$302.39,18529390,$302.29,$304.45,$296.40
09/02/2025,$298.24,19693020,$289.34,$298.71,$287.17
08/29/2025,$297.39,21610680,$307.01,$307.01,$293.66
08/28/2025,$308.65,18907050,$302.928,$311.00,$302.333
08/27/2025,$300.25,13830300,$297.53,$301.18,$293.78
08/26/2025,$298.01,25689110,$294.35,$300.2499,$293.99
08/25/2025,$294.23,15124750,$292.81,$298.4016,$291.71
08/22/2025,$294.00,16301330,$291.745,$300.09,$289.0101
08/21/2025,$289.60,14946310,$290.06,$292.385,$286.17
08/20/2025,$291.17,23600510,$295.46,$295.49,$281.87
08/19/2025,$294.91,20149580,$302.415,$302.8999,$292.39
08/18/2025,$305.76,14724670,$302.70,$306.17,$299.00
08/15/2025,$306.34,22806940,$311.03,$311.50,$299.76
08/14/2025,$311.23,15717630,$307.01,$314.1651,$307.0001
08/13/2025,$309.09,17371170,$316.75,$317.35,$304.75
08/12/2025,$312.83,17624010,$306.63,$313.44,$304.665
08/11/2025,$303.90,12396380,$305.05,$308.31,$301.29
08/08/2025,$304.97,12458750,$304.05,$307.87,$302.5518
08/07/2025,$303.76,16319440,$306.17,$310.34,$299.8807
08/06/2025,$301.67,17392100,$292.90,$302.81,$291.9044
08/05/2025,$292.93,18477470,$297.81,$301.20,$291.45
08/04/2025,$297.72,17164630,$292.20,$298.48,$291.40
08/01/2025,$288.64,21428130,$286.535,$292.6365,$281.61
07/31/2025,$293.70,25488480,$302.80,$306.949,$290.225
07/30/2025,$302.62,16738930,$297.15,$303.255,$295.80
07/29/2025,$297.42,19210780,$297.50,$302.19,$294.87
07/28/2025,$294.30,13683380,$292.46,$295.45,$290.59
07/25/2025,$290.18,12476250,$288.07,$292.5943,$287.27
07/24/2025,$288.71,16413780,$289.79,$291.20,$283.50
07/23/2025,$283.69,20556240,$276.78,$284.00,$273.00
07/22/2025,$278.59,16564830,$287.655,$288.00,$276.43
07/21/2025,$288.21,17726800,$283.955,$290.54,$283.63
07/18/2025,$283.34,15012410,$287.11,$287.53,$281.00
07/17/2025,$286.45,17231100,$281.14,$288.28,$279.91
07/16/2025,$280.81,15031020,$280.105,$281.51,$275.67
07/15/2025,$280.94,17918350,$279.805,$283.36,$277.8501
07/14/2025,$275.60,11934240,$274.13,$278.355,$269.58
07/11/2025,$274.38,14274670,$274.14,$276.47,$271.89
07/10/2025,$275.40,17891600,$279.785,$281.18,$272.70
07/09/2025,$277.90,20133000,$272.96,$279.45,$272.72
07/08/2025,$271.80,14869410,$276.345,$276.345,$271.1545
07/07/2025,$274.18,16760620,$275.13,$277.56,$272.66
07/03/2025,$275.18,10592660,$270.73,$275.80,$270.12
07/02/2025,$269.90,17582090,$263.99,$272.00,$262.73
07/01/2025,$264.74,28847630,$274.40,$274.50,$262.6555
06/30/2025,$275.65,24708430,$274.73,$277.705,$272.13
06/27/2025,$269.35,27477580,$270.30,$271.85,$266.88
06/26/2025,$270.17,23569590,$265.075,$271.67,$264.125
06/25/2025,$264.65,18894160,$266.00,$269.87,$263.43
06/24/2025,$263.77,32764860,$258.77,$265.87,$258.77
06/23/2025,$253.77,19747030,$249.105,$254.21,$246.46
06/20/2025,$249.99,42134900,$253.21,$253.52,$244.17
06/18/2025,$251.26,30435490,$250.89,$255.64,$249.41
06/17/2025,$249.37,22014310,$250.95,$253.96,$247.92
06/16/2025,$252.10,20363010,$250.35,$255.19,$249.565
06/13/2025,$248.70,19028440,$250.66,$254.00,$248.35
06/12/2025,$256.07,20410900,$250.185,$257.89,$249.50
06/11/2025,$252.91,24598990,$246.355,$254.77,$243.80
06/10/2025,$244.63,25491290,$244.215,$246.2795,$241.40
06/09/2025,$244.28,25334080,$245.045,$248.17,$241.11
06/06/2025,$246.93,41146650,$251.14,$255.32,$246.1348
06/05/2025,$259.93,42334080,$262.95,$264.89,$259.06
06/04/2025,$261.08,31536050,$258.06,$265.43,$257.59
06/03/2025,$256.85,30380250,$250.075,$257.88,$249.40
06/02/2025,$248.71,19197010,$243.25,$250.00,$243.19
05/30/2025,$242.07,27088560,$241.215,$243.17,$234.90
05/29/2025,$241.97,20768030,$245.905,$246.07,$237.40
05/28/2025,$239.43,20443000,$237.15,$240.99,$234.425
05/27/2025,$235.65,17941670,$232.865,$236.48,$231.1308
05/23/2025,$228.72,15385630,$226.94,$230.65,$226.18
05/22/2025,$230.53,14340230,$228.34,$233.6899,$227.43
05/21/2025,$229.73,17642940,$228.39,$236.50,$227.8301
05/20/2025,$231.68,11787160,$226.49,$231.77,$226.34
05/19/2025,$230.63,15355450,$221.85,$231.2499,$221.60
05/16/2025,$228.61,23094610,$232.32,$232.64,$226.39
05/15/2025,$232.64,18803680,$230.16,$234.455,$228.07
05/14/2025,$232.12,19751450,$230.23,$233.50,$228.35
05/13/2025,$232.42,28790540,$222.00,$235.28,$222.00
05/12/2025,$221.58,25437670,$219.49,$221.80,$215.88
05/09/2025,$208.20,13289170,$209.33,$209.96,$206.52
05/08/2025,$207.77,18460930,$208.00,$211.1625,$203.69
05/07/2025,$204.81,20277830,$199.285,$206.23,$198.43
05/06/2025,$200.09,16348810,$196.44,$201.91,$195.94
05/05/2025,$200.72,14025430,$200.25,$203.2347,$200.00
05/02/2025,$203.64,17766750,$203.90,$205.68,$201.08
05/01/2025,$197.33,24939700,$198.14,$201.40,$196.235
04/30/2025,$192.47,22768860,$185.895,$193.20,$184.02
04/29/2025,$191.17,14630020,$191.72,$193.25,$190.10
04/28/2025,$192.47,16385850,$190.53,$193.10,$187.68
04/25/2025,$192.31,21242340,$186.92,$193.37,$186.89
04/24/2025,$188.15,27576900,$179.69,$188.57,$178.295
04/23/2025,$176.91,24380470,$177.78,$180.45,$175.82
04/22/2025,$169.58,18504860,$167.43,$170.52,$165.2229
04/21/2025,$166.21,23469790,$166.99,$168.00,$161.61
04/17/2025,$170.99,22501790,$176.25,$176.25,$169.9156
04/16/2025,$174.61,34638640,$170.43,$176.08,$166.92
04/15/2025,$178.95,17242350,$179.725,$182.2644,$178.08
04/14/2025,$178.36,25748300,$185.075,$186.00,$175.82
04/11/2025,$181.94,33964140,$173.62,$182.66,$173.31
04/10/2025,$172.30,51212220,$175.30,$176.95,$166.40
04/09/2025,$185.15,72708310,$160.50,$187.33,$157.51
04/08/2025,$156.03,58888230,$167.62,$169.78,$153.09
04/07/2025,$154.14,68503510,$144.49,$160.43,$138.10
04/04/2025,$146.29,72302230,$148.17,$152.80,$139.1701
04/03/2025,$154.01,44354860,$160.54,$163.425,$153.70
04/02/2025,$172.09,19523660,$166.08,$173.43,$165.50
04/01/2025,$168.52,20472440,$166.37,$168.71,$163.42
03/31/2025,$167.43,35656450,$164.485,$167.94,$160.62
03/28/2025,$169.12,30391480,$171.93,$173.30,$166.47
03/27/2025,$171.99,32151670,$177.655,$178.38,$170.46
03/26/2025,$179.27,30670540,$186.66,$188.06,$177.582
03/25/2025,$188.26,23417250,$190.885,$191.60,$187.68
03/24/2025,$191.25,33180280,$194.295,$196.69,$190.67
03/21/2025,$191.66,43086520,$188.21,$192.07,$187.37
03/20/2025,$190.54,31430020,$191.52,$193.8365,$188.94
03/19/2025,$195.57,37962700,$189.34,$198.27,$186.90
03/18/2025,$188.67,24951030,$190.44,$192.89,$186.90
03/17/2025,$194.50,26830620,$188.05,$196.72,$187.50
03/14/2025,$195.54,25900940,$196.20,$197.50,$193.20
03/13/2025,$191.36,27236140,$193.15,$196.32,$189.465
03/12/2025,$194.23,30409730,$196.215,$199.98,$192.4527
03/11/2025,$190.09,42153250,$188.05,$195.6155,$185.345
03/10/2025,$184.45,44217120,$189.60,$191.978,$180.43
03/07/2025,$194.96,74528860,$187.73,$195.48,$181.56
03/06/2025,$179.45,56864100,$181.04,$186.83,$177.61
03/05/2025,$191.58,25644540,$191.86,$194.08,$187.10
03/04/2025,$187.48,37910480,$189.215,$193.95,$180.48
03/03/2025,$187.37,37435600,$204.00,$204.06,$184.53
02/28/2025,$199.43,39747250,$195.76,$201.19,$193.15
02/27/2025,$197.80,27572890,$217.28,$219.25,$197.40
02/26/2025,$212.94,21368300,$206.91,$213.54,$206.00
02/25/2025,$202.54,33100810,$207.00,$208.6425,$200.92
02/24/2025,$207.93,33050430,$218.60,$219.48,$207.54
02/21/2025,$218.66,24883560,$225.65,$227.75,$215.63
02/20/2025,$226.74,16104000,$228.645,$228.98,$222.75
02/19/2025,$228.73,16375490,$227.85,$229.0653,$224.40
02/18/2025,$228.53,26080550,$230.10,$232.20,$224.3001
02/14/2025,$233.04,16988780,$234.53,$235.74,$228.90
02/13/2025,$235.80,20962030,$236.06,$236.95,$230.7276
02/12/2025,$236.35,16397340,$230.355,$236.48,$230.00
02/11/2025,$235.04,18476200,$232.48,$237.89,$229.9739
02/10/2025,$235.04,23901640,$227.43,$235.82,$227.12
02/07/2025,$224.87,22117470,$235.00,$235.65,$224.11
02/06/2025,$231.36,21169530,$234.50,$234.80,$228.56
02/05/2025,$232.00,29250580,$233.94,$237.9299,$227.50
02/04/2025,$222.43,23768520,$219.35,$223.03,$215.30
02/03/2025,$217.73,24507270,$215.46,$220.9377,$213.51
01/31/2025,$221.27,41150980,$219.66,$226.80,$216.30
01/30/2025,$215.66,42449480,$218.57,$221.96,$213.70
01/29/2025,$206.35,32533740,$208.84,$211.45,$202.77
01/28/2025,$207.36,50315990,$208.01,$209.95,$198.89
01/27/2025,$202.13,90569380,$213.40,$218.43,$196.23
01/24/2025,$244.70,25387830,$244.70,$249.59,$241.91
01/23/2025,$240.28,17653940,$238.41,$240.40,$236.12
01/22/2025,$240.91,29610500,$246.75,$246.99,$240.69
01/21/2025,$240.31,30903190,$241.50,$242.75,$237.40
01/17/2025,$237.44,31196640,$237.08,$238.10,$232.66
01/16/2025,$229.41,23471870,$235.22,$238.60,$229.21
01/15/2025,$228.00,21745620,$228.55,$230.34,$225.58
01/14/2025,$224.70,18143120,$226.57,$230.26,$223.10
01/13/2025,$225.29,23772090,$219.99,$229.26,$219.51
01/10/2025,$224.31,23864010,$227.30,$227.83,$221.25
01/08/2025,$229.31,18756490,$229.70,$232.47,$226.06
01/07/2025,$228.64,25928610,$239.50,$239.50,$227.60
01/06/2025,$236.41,34028380,$236.50,$241.75,$233.30
01/03/2025,$232.55,24973190,$233.59,$236.4893,$229.00
01/02/2025,$231.98,31525830,$236.155,$239.50,$230.2425
12/31/2024,$231.84,17927720,$235.88,$237.46,$231.31
12/30/2024,$235.58,27316800,$234.695,$238.77,$231.62
12/27/2024,$241.75,29282230,$245.64,$245.78,$236.3532
12/26/2024,$245.36,28537540,$240.00,$247.28,$237.60
12/24/2024,$239.68,22827190,$240.115,$240.228,$234.80
12/23/2024,$232.35,40643780,$226.69,$233.3994,$225.13
12/20/2024,$220.79,131910400,$220.36,$230.29,$218.91
12/19/2024,$218.32,40845170,$227.91,$228.05,$217.58
12/18/2024,$223.62,53960100,$239.41,$239.85,$219.22
12/17/2024,$240.23,70382130,$240.65,$242.47,$233.80
12/16/2024,$250.00,111623200,$231.79,$251.88,$230.81
12/13/2024,$224.80,121336600,$213.90,$228.70,$211.11
12/12/2024,$180.66,46967170,$180.93,$182.00,$175.99
12/11/2024,$183.20,41295180,$180.01,$184.87,$176.4296
12/10/2024,$171.81,27762630,$177.81,$178.50,$169.73
12/09/2024,$178.94,20886310,$178.95,$180.7933,$176.0209
12/06/2024,$179.53,27830830,$170.10,$180.68,$169.3301
12/05/2024,$170.47,18489990,$170.75,$172.3981,$169.20
12/04/2024,$170.56,32748250,$173.44,$175.39,$168.56
12/03/2024,$168.15,17024430,$164.48,$168.27,$164.03
12/02/2024,$166.51,21472440,$162.95,$168.3797,$162.75
11/29/2024,$162.08,11024010,$159.57,$162.69,$159.08
11/27/2024,$159.67,19722720,$163.20,$163.20,$157.54
11/26/2024,$164.74,16308770,$164.60,$166.37,$162.69
11/25/2024,$164.82,26850590,$165.395,$167.225,$162.89
11/22/2024,$164.23,17332470,$164.30,$164.9092,$162.40
11/21/2024,$163.94,24835250,$166.25,$166.34,$160.60
11/20/2024,$163.25,17196730,$165.54,$165.54,$160.86
11/19/2024,$165.35,18003400,$166.66,$166.80,$164.31
11/18/2024,$165.67,17870330,$165.66,$166.3463,$162.22
11/15/2024,$164.84,20836160,$168.47,$169.135,$163.43
11/14/2024,$170.38,20638860,$174.77,$175.57,$169.87
11/13/2024,$173.58,17472510,$174.705,$175.5926,$172.60
11/12/2024,$176.22,15861980,$178.90,$179.56,$173.20
11/11/2024,$178.91,17036660,$183.40,$183.63,$176.8201
11/08/2024,$183.64,13503150,$182.99,$185.05,$181.83
11/07/2024,$183.81,18970580,$181.9853,$184.8722,$181.79
11/06/2024,$179.55,24300760,$179.63,$180.21,$175.96
11/05/2024,$173.90,13441750,$170.05,$174.40,$170.05
11/04/2024,$168.55,13621310,$169.28,$172.45,$168.42
11/01/2024,$168.92,17847040,$168.26,$171.3255,$167.50
10/31/2024,$169.77,26086590,$174.45,$174.45,$167.38
10/30/2024,$176.64,17911490,$177.47,$179.19,$175.62
10/29/2024,$179.24,23702340,$172.435,$180.23,$171.2101
10/28/2024,$172.02,13195830,$173.00,$173.9728,$171.345
10/25/2024,$173.00,19977680,$174.19,$176.796,$172.72
10/24/2024,$171.35,20485170,$174.26,$174.30,$169.50
10/23/2024,$173.51,19513710,$177.585,$178.98,$172.57
10/22/2024,$179.38,12062650,$178.66,$180.69,$177.41
10/21/2024,$179.99,13695150,$179.38,$181.7199,$178.25
10/18/2024,$179.89,17835250,$182.32,$182.71,$178.68
10/17/2024,$181.53,25232430,$181.37,$185.51,$180.69
10/16/2024,$176.82,15285050,$178.51,$179.25,$175.33
10/15/2024,$175.98,27657530,$180.79,$181.70,$173.3652
10/14/2024,$182.31,17195820,$183.30,$184.9517,$180.13
10/11/2024,$181.48,23070020,$181.14,$182.59,$177.40
10/10/2024,$185.69,16317970,$183.56,$186.31,$182.53
10/09/2024,$185.95,25504060,$179.24,$186.42,$176.42
10/08/2024,$180.73,20774190,$175.42,$181.60,$174.89
10/07/2024,$175.08,15588330,$174.82,$178.31,$173.86
10/04/2024,$176.64,17941390,$176.30,$176.8998,$172.60
10/03/2024,$171.89,13072280,$169.62,$174.94,$169.19
10/02/2024,$170.66,14317830,$167.55,$172.84,$167.0201
10/01/2024,$167.47,23770420,$172.16,$172.25,$165.80
09/30/2024,$172.50,16900030,$171.87,$172.92,$169.6302
09/27/2024,$172.69,20580910,$178.17,$178.47,$171.76
09/26/2024,$178.09,24340000,$178.50,$180.25,$175.00
09/25/2024,$175.52,16613800,$174.65,$177.14,$173.76
09/24/2024,$174.84,34223410,$172.81,$175.99,$171.68
09/23/2024,$172.94,29431110,$172.00,$173.32,$168.3501
09/20/2024,$171.10,91758510,$167.18,$172.02,$166.47
09/19/2024,$167.42,32453060,$167.68,$170.00,$165.66
09/18/2024,$161.67,26557560,$163.77,$167.47,$161.36
09/17/2024,$162.47,19844340,$165.49,$166.02,$160.70
09/16/2024,$164.02,26126930,$165.19,$165.50,$160.41
09/13/2024,$167.69,29850050,$166.735,$168.08,$164.0401
09/12/2024,$164.56,43581920,$158.10,$166.32,$156.83
09/11/2024,$158.27,39700770,$148.39,$158.87,$145.04
09/10/2024,$148.21,36067470,$141.22,$149.86,$141.04
09/09/2024,$140.82,39516690,$139.11,$141.585,$134.90
09/06/2024,$136.995,76634630,$143.25,$143.50,$136.60
09/05/2024,$152.82,31548540,$150.565,$156.36,$150.11
09/04/2024,$154.12,20324060,$150.30,$157.79,$149.15
09/03/2024,$152.79,37179060,$160.38,$160.74,$151.38
08/30/2024,$162.82,25158510,$161.12,$163.24,$158.71
08/29/2024,$156.93,23519290,$158.49,$163.20,$155.41
08/28/2024,$158.18,18063620,$160.08,$162.28,$156.25
08/27/2024,$161.39,16683110,$157.60,$162.03,$155.83
08/26/2024,$159.62,18521150,$164.96,$165.70,$158.66
08/23/2024,$166.36,18848020,$165.025,$168.28,$163.46
08/22/2024,$162.34,30044530,$170.84,$172.42,$161.49
08/21/2024,$165.78,16097690,$165.12,$166.47,$162.88
08/20/2024,$165.95,19417490,$167.05,$168.3699,$164.15
08/19/2024,$167.71,20441690,$164.86,$167.83,$160.42
08/16/2024,$165.72,19296870,$164.47,$166.09,$162.68
08/15/2024,$166.13,27944970,$161.20,$166.67,$160.3351
08/14/2024,$157.69,20184200,$158.02,$160.25,$154.72
08/13/2024,$156.16,22053600,$151.55,$156.38,$149.81
08/12/2024,$148.62,17778470,$148.08,$151.13,$146.37
08/09/2024,$148.26,18438660,$144.20,$149.55,$144.11
08/08/2024,$145.74,27583200,$141.20,$146.27,$138.40
08/07/2024,$136.27,29749760,$148.25,$150.10,$135.83
08/06/2024,$143.92,24751290,$141.73,$148.91,$140.25
08/05/2024,$142.08,41309260,$129.61,$145.42,$128.50
08/02/2024,$143.82,33745840,$141.925,$145.35,$139.60
08/01/2024,$147.02,40319960,$157.50,$158.91,$146.17
07/31/2024,$160.68,45827510,$151.47,$161.33,$151.00
07/30/2024,$143.52,31102340,$153.28,$153.47,$143.35
07/29/2024,$150.22,16625760,$152.02,$155.00,$149.15
07/26/2024,$151.63,20839870,$153.50,$153.58,$149.9202
07/25/2024,$149.26,30872130,$151.26,$153.55,$145.52
07/24/2024,$151.34,37162620,$160.355,$161.405,$151.10
07/23/2024,$163.77,21570180,$160.395,$165.33,$159.90
07/22/2024,$161.06,28813330,$160.23,$162.99,$157.90
07/19/2024,$157.35,26309550,$161.84,$163.95,$157.12
07/18/2024,$160.52,37973500,$158.89,$161.51,$153.90
07/17/2024,$155.98,43343360,$162.31,$162.84,$155.61
07/16/2024,$169.375,22244940,$172.40,$172.81,$166.40
07/15/2024,$171.42,22999200,$170.00,$173.5099,$169.26
07/12/2024,$170.067,30453000,$171.103,$172.591,$169.131
07/11/2024,$170.595,51111680,$176.466,$176.487,$166.85
07/10/2024,$174.469,41074200,$174.60,$176.649,$172.6363
07/09/2024,$173.331,37916210,$175.656,$177.098,$170.556
07/08/2024,$174.586,36398460,$170.50,$175.69,$170.50
07/05/2024,$170.331,45240480,$175.556,$176.547,$169.60
07/03/2024,$172.922,39953820,$167.00,$172.922,$166.446
07/02/2024,$165.748,32538840,$164.08,$165.92,$162.20
07/01/2024,$164.08,47623440,$160.82,$164.875,$159.35
06/28/2024,$160.553,69376630,$159.588,$163.923,$158.60
06/27/2024,$158.666,31649060,$159.20,$160.562,$157.10
06/26/2024,$159.20,46478750,$159.762,$161.818,$157.359
06/25/2024,$158.079,56810450,$160.013,$160.604,$156.40
06/24/2024,$159.221,58575380,$164.205,$166.10,$159.066
06/21/2024,$165.863,99998610,$169.566,$171.3999,$165.142
06/20/2024,$173.456,68156620,$180.346,$180.475,$172.222
06/18/2024,$180.252,86796740,$183.959,$185.162,$178.501
06/17/2024,$182.887,87527620,$180.00,$184.30,$177.858
06/14/2024,$173.504,69704710,$168.686,$174.724,$168.21
06/13/2024,$167.899,89060650,$171.00,$173.585,$165.252
06/12/2024,$149.551,56697370,$150.00,$150.58,$147.64
06/11/2024,$146.103,34844320,$143.82,$146.501,$141.623
06/10/2024,$144.047,31081710,$140.98,$144.905,$140.9125
06/07/2024,$140.664,17859030,$140.7775,$142.50,$139.702
06/06/2024,$140.127,20171810,$142.187,$142.269,$138.824
06/05/2024,$141.309,32946560,$134.60,$141.435,$134.054
06/04/2024,$133.082,23048140,$132.04,$133.199,$130.701
06/03/2024,$132.19,26278470,$135.27,$135.30,$130.253
05/31/2024,$132.855,73091320,$136.136,$136.255,$130.726
05/30/2024,$136.408,21728280,$137.90,$138.278,$135.564
05/29/2024,$139.067,26860550,$139.91,$139.91,$138.30
05/28/2024,$141.245,22918860,$141.00,$141.7181,$139.254
05/24/2024,$140.784,16729960,$139.979,$141.3584,$139.2024
05/23/2024,$139.329,31038990,$142.843,$142.90,$137.80
05/22/2024,$139.224,21002120,$139.601,$140.50,$138.422
05/21/2024,$139.92,15332510,$139.868,$140.939,$139.346
05/20/2024,$141.403,27169950,$139.60,$141.694,$139.316
05/17/2024,$139.529,18173670,$141.242,$141.953,$138.178
05/16/2024,$141.213,28395030,$142.60,$144.54,$140.506
05/15/2024,$143.617,32757380,$138.00,$143.895,$136.9975
05/14/2024,$138.003,19420290,$133.234,$138.199,$132.58
05/13/2024,$133.751,18507030,$134.80,$135.839,$133.011
05/10/2024,$133.28,16299530,$131.531,$134.40,$131.531
05/09/2024,$130.567,12169550,$131.783,$132.161,$130.20
05/08/2024,$132.537,13917640,$129.35,$133.7905,$128.849
05/07/2024,$130.311,12412830,$131.644,$131.899,$129.6755
05/06/2024,$131.031,16287080,$128.6225,$131.077,$127.507
05/03/2024,$127.811,24897550,$125.90,$128.388,$124.714
05/02/2024,$123.857,29479680,$125.628,$126.445,$122.331
05/01/2024,$124.286,30957830,$127.833,$129.237,$124.1345
04/30/2024,$130.027,22113360,$132.888,$134.835,$129.905
04/29/2024,$133.862,13371790,$134.408,$135.298,$132.5695
04/26/2024,$134.407,24099830,$131.00,$135.583,$130.313
04/25/2024,$129.442,30409670,$127.245,$130.803,$125.70
04/24/2024,$125.682,20107930,$126.39,$128.562,$124.496
04/23/2024,$124.919,22025130,$122.817,$125.79,$122.802
04/22/2024,$122.446,25162180,$122.45,$123.32,$120.054
04/19/2024,$120.471,44796580,$125.899,$126.00,$119.756
04/18/2024,$125.899,24888030,$128.80,$129.265,$125.546
04/17/2024,$128.263,24717800,$134.311,$134.70,$128.142
04/16/2024,$132.906,18922740,$131.538,$133.6319,$131.10
04/15/2024,$131.069,24370450,$137.00,$137.00,$130.60
04/12/2024,$134.407,27823320,$135.201,$136.6505,$133.662
04/11/2024,$138.246,31713310,$133.268,$139.187,$132.365
04/10/2024,$132.237,17466520,$132.30,$133.575,$131.548
04/09/2024,$133.408,18007940,$135.737,$135.948,$130.864
04/08/2024,$133.61,17139170,$133.365,$134.25,$131.575
04/05/2024,$133.943,19438280,$132.60,$136.123,$131.4195
04/04/2024,$131.75,27013650,$138.532,$140.398,$131.50
04/03/2024,$136.321,28650420,$132.80,$137.682,$132.527
04/02/2024,$133.876,24693560,$131.579,$134.237,$130.3414
04/01/2024,$135.026,17251960,$132.568,$136.298,$132.541
03/28/2024,$132.541,19855520,$131.79,$133.009,$131.153
03/27/2024,$131.873,25582650,$135.00,$135.00,$129.602
03/26/2024,$133.149,23522180,$136.469,$137.9938,$133.051
03/25/2024,$135.158,21236600,$134.503,$135.844,$133.747
03/22/2024,$135.347,38623860,$135.00,$137.622,$134.615
03/21/2024,$134.80,72467730,$132.832,$140.361,$131.60
03/20/2024,$127.60,40946140,$123.902,$128.799,$122.659
03/19/2024,$123.801,24490870,$121.695,$124.027,$120.402
03/18/2024,$123.724,25737160,$125.398,$126.288,$123.17
03/15/2024,$123.55,88822510,$125.346,$126.737,$123.007
03/14/2024,$126.227,38029380,$126.254,$127.313,$124.771
03/13/2024,$125.787,37838480,$128.288,$128.288,$125.2355
03/12/2024,$129.188,42789130,$130.70,$130.779,$125.928
03/11/2024,$129.312,31105120,$127.793,$129.902,$125.256
03/08/2024,$130.872,74024840,$139.425,$141.30,$130.158
03/07/2024,$140.701,62831770,$138.199,$141.431,$137.289
03/06/2024,$135.00,43195890,$139.158,$139.483,$134.706
03/05/2024,$134.275,36039750,$139.50,$139.50,$133.237
03/04/2024,$140.226,34854180,$140.315,$143.817,$138.519
03/01/2024,$139.917,44487720,$132.593,$140.776,$132.00
02/29/2024,$130.049,27535640,$130.331,$130.8395,$128.7275
02/28/2024,$128.942,10967180,$129.30,$129.852,$128.2973
02/27/2024,$129.623,12126050,$130.913,$131.194,$129.222
02/26/2024,$130.913,16282480,$131.00,$131.879,$130.146
02/23/2024,$129.637,23114640,$130.837,$131.962,$128.882
02/22/2024,$130.49,40819260,$128.171,$131.098,$127.647
02/21/2024,$122.745,20639830,$121.80,$122.805,$120.264
02/20/2024,$122.655,26329190,$123.586,$123.772,$121.256
02/16/2024,$124.548,21268050,$125.904,$127.5685,$124.239
02/15/2024,$126.507,21873440,$127.995,$128.00,$124.485
02/14/2024,$126.222,27306260,$126.924,$127.30,$124.1318
02/13/2024,$125.165,31906520,$123.512,$125.587,$122.709
02/12/2024,$126.50,24778220,$129.001,$129.007,$125.90
02/09/2024,$128.344,26292890,$125.203,$128.575,$124.899
02/08/2024,$127.476,29326240,$126.70,$129.597,$126.501
02/07/2024,$125.706,25767750,$123.40,$125.951,$122.67
02/06/2024,$122.265,25354100,$126.357,$127.211,$121.194
02/05/2024,$124.31,22044520,$122.696,$124.7752,$122.215
02/02/2024,$122.434,26689290,$120.875,$123.469,$120.515
02/01/2024,$120.001,19411280,$118.735,$120.309,$117.911
01/31/2024,$118.00,27400190,$118.945,$119.722,$117.431
01/30/2024,$120.816,20682540,$121.677,$122.80,$120.429
01/29/2024,$121.777,21526470,$121.491,$122.367,$120.4995
01/26/2024,$120.488,25817600,$121.97,$122.121,$120.023
01/25/2024,$123.00,36356100,$128.10,$128.10,$122.88
01/24/2024,$125.387,34804820,$124.2295,$128.455,$123.1009
01/23/2024,$122.631,16952110,$122.10,$122.698,$120.352
01/22/2024,$122.05,31222240,$121.625,$123.133,$120.8218
01/19/2024,$121.12,53077120,$115.731,$121.70,$115.60
01/18/2024,$114.391,32228400,$112.49,$114.6548,$112.188
01/17/2024,$110.367,18314050,$110.629,$111.311,$109.0215
01/16/2024,$111.496,26145080,$111.234,$112.6243,$109.863
01/12/2024,$110.768,26881960,$111.21,$111.569,$110.001
01/11/2024,$109.998,25757220,$108.432,$110.13,$107.4505
01/10/2024,$108.057,17643450,$108.035,$108.2955,$106.2605
01/09/2024,$108.249,23225340,$106.562,$108.855,$106.471
01/08/2024,$107.485,33110290,$105.65,$107.80,$105.2002
01/05/2024,$104.928,22474690,$105.16,$105.546,$104.151
01/04/2024,$104.901,25658030,$105.796,$106.9497,$104.737
01/03/2024,$105.858,34735470,$107.02,$107.50,$105.531
01/02/2024,$108.538,28831020,$109.212,$110.20,$107.709
12/29/2023,$111.625,20558000,$112.146,$112.438,$111.467
12/28/2023,$112.241,21249250,$113.169,$113.224,$111.905
12/27/2023,$112.617,20055230,$113.60,$113.957,$112.296
12/26/2023,$113.189,16793270,$112.424,$113.55,$112.302
12/22/2023,$112.198,19088970,$112.798,$113.20,$111.353
12/21/2023,$112.729,24105610,$113.265,$113.542,$111.50
12/20/2023,$111.038,34523350,$113.27,$114.136,$110.926
12/19/2023,$113.958,36020400,$114.20,$115.046,$113.2505
12/18/2023,$114.70,54741370,$112.08,$115.182,$111.864
12/15/2023,$112.974,118543700,$109.522,$114.988,$109.4618
12/14/2023,$110.649,66964020,$109.218,$112.146,$109.028
12/13/2023,$108.969,71653750,$106.80,$109.978,$106.254
12/12/2023,$107.228,90241550,$102.799,$107.939,$102.458
12/11/2023,$102.924,101183700,$95.701,$103.951,$95.609
12/08/2023,$94.43,69668420,$92.784,$95.073,$91.0526
12/07/2023,$92.226,43516890,$90.554,$92.412,$90.364
12/06/2023,$90.364,24812690,$92.036,$92.097,$90.31
12/05/2023,$91.312,37065930,$91.16,$91.727,$90.5845
12/04/2023,$92.397,25009210,$92.064,$93.097,$91.644
12/01/2023,$93.00,29612440,$92.246,$93.39,$90.80
11/30/2023,$92.573,49571100,$94.10,$94.2415,$91.837
11/29/2023,$94.083,34842740,$94.834,$95.943,$93.937
11/28/2023,$94.635,39024940,$93.994,$95.086,$93.416
11/27/2023,$95.024,96962020,$97.615,$98.101,$94.933
11/24/2023,$97.887,23157890,$97.496,$97.986,$96.675
11/22/2023,$97.20,33750920,$98.369,$98.799,$97.10
11/21/2023,$98.12,43343840,$97.50,$99.10,$97.163
11/20/2023,$99.571,18680340,$97.30,$99.987,$97.30
11/17/2023,$97.773,19794610,$95.821,$98.389,$95.10
11/16/2023,$95.955,26198030,$96.40,$96.87,$95.052
11/15/2023,$97.54,16099480,$97.951,$98.175,$96.691
11/14/2023,$97.296,23885580,$96.234,$97.677,$95.5252
11/13/2023,$94.693,16892970,$95.005,$95.24,$94.048
11/10/2023,$95.752,36287920,$92.174,$95.895,$91.821
11/09/2023,$91.138,24486210,$91.25,$92.98,$90.856
11/08/2023,$91.113,15279940,$90.00,$91.2908,$89.90
11/07/2023,$89.782,19366650,$88.232,$90.177,$87.6155
11/06/2023,$88.083,12871480,$88.156,$88.589,$87.121
11/03/2023,$88.268,18041290,$87.75,$88.75,$87.1057
11/02/2023,$87.13,18759450,$86.20,$88.05,$86.00
11/01/2023,$85.294,18683910,$84.20,$85.3825,$83.557
10/31/2023,$84.137,14747200,$84.389,$84.55,$83.26
10/30/2023,$84.125,20889460,$84.11,$84.943,$82.715
10/27/2023,$83.836,18236280,$83.00,$84.021,$82.854
10/26/2023,$82.675,27916560,$84.791,$85.4415,$81.834
10/25/2023,$84.963,21431600,$87.707,$87.873,$84.608
10/24/2023,$88.111,14972440,$86.40,$88.30,$86.312
10/23/2023,$86.222,16455790,$85.796,$87.36,$84.282
10/20/2023,$85.363,26953070,$87.49,$87.49,$85.184
10/19/2023,$86.783,26619700,$88.702,$88.949,$86.567
10/18/2023,$88.703,20404340,$87.9945,$89.563,$87.52
10/17/2023,$88.44,33008340,$88.515,$89.298,$86.60
10/16/2023,$90.257,21150480,$89.097,$91.5785,$89.097
10/13/2023,$88.318,28333520,$90.90,$92.591,$88.209
10/12/2023,$90.56,43870550,$87.643,$91.793,$87.643
10/11/2023,$87.456,14334120,$85.971,$87.534,$85.655
10/10/2023,$85.841,14718070,$85.715,$87.2545,$85.572
10/09/2023,$85.588,15759850,$84.046,$85.661,$83.783
10/06/2023,$84.526,21103190,$81.94,$84.8385,$81.172
10/05/2023,$82.386,11474240,$82.011,$82.863,$81.548
10/04/2023,$82.381,16417060,$82.033,$83.058,$81.6303
10/03/2023,$81.483,18760860,$82.70,$83.575,$80.891
10/02/2023,$83.495,14675780,$82.906,$83.856,$82.35
09/29/2023,$83.058,16481040,$83.645,$84.404,$82.291
09/28/2023,$83.20,16179940,$82.017,$83.886,$81.468
09/27/2023,$81.681,15352680,$81.926,$82.368,$80.438
09/26/2023,$81.619,17641380,$82.917,$83.0265,$81.121
09/25/2023,$83.389,15647580,$82.80,$83.856,$82.301
09/22/2023,$82.908,27795010,$81.124,$83.058,$81.038
09/21/2023,$80.836,53671650,$79.511,$82.25,$79.509
09/20/2023,$83.057,13701710,$84.999,$84.999,$83.035
09/19/2023,$84.92,13131960,$84.599,$85.103,$83.85
09/18/2023,$85.00,16540860,$84.258,$85.633,$84.00
09/15/2023,$85.168,50189580,$86.816,$86.816,$84.29
09/14/2023,$87.164,19648280,$85.903,$87.667,$85.50
09/13/2023,$85.293,17412630,$84.719,$85.911,$84.424
09/12/2023,$84.452,16680270,$85.024,$85.8265,$84.166
09/11/2023,$85.914,15710390,$86.877,$86.90,$84.565
09/08/2023,$85.755,16819000,$85.50,$86.083,$85.012
09/07/2023,$85.703,27789200,$85.95,$86.169,$84.052
09/06/2023,$87.227,20142460,$87.25,$87.737,$86.674
09/05/2023,$87.217,24808070,$86.951,$88.30,$86.70
09/01/2023,$87.252,65017160,$90.187,$90.187,$86.466
08/31/2023,$92.289,55202850,$89.801,$92.367,$89.377
08/30/2023,$89.228,23234240,$89.239,$89.871,$87.911
08/29/2023,$88.993,27822390,$85.84,$89.2835,$85.642
08/28/2023,$86.108,14305960,$85.639,$86.413,$84.711
08/25/2023,$85.182,24180530,$85.702,$86.944,$83.767
08/24/2023,$85.446,30934310,$90.235,$90.9855,$85.246
08/23/2023,$87.658,19692050,$85.077,$87.819,$85.00
08/22/2023,$85.579,17081640,$87.341,$87.475,$85.088
08/21/2023,$86.514,30011630,$83.406,$86.734,$83.177
08/18/2023,$82.584,17758690,$82.00,$82.817,$81.20
08/17/2023,$82.71,19227770,$83.651,$83.942,$82.701
08/16/2023,$83.299,16003010,$84.779,$85.45,$83.196
08/15/2023,$84.252,14036350,$84.921,$85.462,$83.646
08/14/2023,$85.41,17688000,$83.113,$85.418,$82.738
08/11/2023,$82.976,20331260,$83.401,$83.64,$82.348
08/10/2023,$84.29,20186130,$85.312,$86.15,$83.707
08/09/2023,$85.073,24672480,$88.272,$88.353,$84.872
08/08/2023,$88.316,14080910,$89.009,$89.06,$87.34
08/07/2023,$89.706,11145650,$88.768,$89.737,$88.5266
08/04/2023,$88.165,21157850,$88.498,$89.362,$87.3372
08/03/2023,$88.498,18292640,$88.662,$89.533,$88.108
08/02/2023,$89.23,26889570,$91.23,$91.30,$89.029
08/01/2023,$92.00,19706750,$89.898,$92.062,$89.7701
07/31/2023,$89.865,14966920,$89.75,$90.10,$89.10
07/28/2023,$89.979,18794260,$89.932,$90.356,$89.395
07/27/2023,$89.353,21921780,$90.85,$90.985,$88.60
07/26/2023,$89.309,19876670,$90.90,$91.062,$88.765
07/25/2023,$91.799,20041610,$90.062,$92.318,$90.062
07/24/2023,$90.159,19993820,$90.08,$90.544,$89.423
07/21/2023,$89.675,74286760,$90.449,$91.115,$89.383
07/20/2023,$88.834,28268310,$89.254,$90.70,$88.60
07/19/2023,$90.137,24117560,$89.727,$90.5965,$88.563
07/18/2023,$90.343,24518350,$90.598,$90.99,$89.826
07/17/2023,$91.035,26825210,$89.101,$91.321,$88.978
07/14/2023,$88.858,18510360,$88.616,$90.335,$88.616
07/13/2023,$89.036,25911990,$89.894,$89.894,$87.827
07/12/2023,$88.995,28196750,$88.90,$89.759,$88.20
07/11/2023,$88.205,25504460,$88.111,$88.30,$86.463
07/10/2023,$87.773,30621750,$84.828,$87.917,$84.828
07/07/2023,$84.675,19408660,$85.043,$85.799,$84.466
07/06/2023,$84.80,23950050,$84.50,$85.39,$84.433
07/05/2023,$86.186,14446420,$86.74,$87.69,$86.175
07/03/2023,$87.644,9032720,$86.862,$87.673,$86.492
06/30/2023,$86.743,23145170,$86.852,$87.457,$86.433
06/29/2023,$86.257,23385980,$85.445,$86.284,$84.641
06/28/2023,$84.794,19444750,$83.873,$85.853,$83.706
06/27/2023,$84.84,24922720,$82.868,$85.00,$82.10
06/26/2023,$82.163,21372150,$82.50,$83.70,$82.022
06/23/2023,$82.215,37413250,$83.401,$83.602,$81.885
06/22/2023,$84.243,23473260,$84.509,$84.891,$83.531
06/21/2023,$84.766,23228810,$86.00,$86.60,$84.46
06/20/2023,$86.803,27537230,$86.266,$87.707,$86.101
06/16/2023,$86.811,68298940,$88.9275,$88.995,$86.5445
06/15/2023,$88.343,33813530,$88.441,$88.797,$87.102
06/14/2023,$88.618,43523960,$85.59,$88.854,$84.722
06/13/2023,$85.112,38990270,$86.113,$86.326,$84.10
06/12/2023,$85.536,51097880,$81.112,$85.80,$81.112
06/09/2023,$80.462,19246880,$80.58,$81.7749,$80.388
06/08/2023,$80.42,21917170,$79.491,$80.501,$78.878
06/07/2023,$79.263,28956990,$78.982,$80.545,$78.751
06/06/2023,$79.00,37823450,$80.20,$80.20,$77.638
06/05/2023,$80.23,26221960,$80.92,$80.92,$79.448
06/02/2023,$81.20,62814840,$79.064,$82.377,$78.72
06/01/2023,$78.995,80792280,$80.062,$80.579,$78.516
05/31/2023,$80.796,89997660,$79.49,$82.167,$79.013
05/30/2023,$80.334,116912000,$83.512,$92.178,$79.881
05/26/2023,$81.273,82500380,$74.7425,$81.498,$74.702
05/25/2023,$72.88,49262570,$69.941,$73.239,$69.077
05/24/2023,$67.953,23020960,$68.144,$68.431,$67.606
05/23/2023,$68.65,36088020,$69.064,$69.899,$68.202
05/22/2023,$67.837,17797760,$68.14,$68.468,$67.412
05/19/2023,$68.225,22967900,$68.00,$68.495,$67.841
05/18/2023,$67.79,26388890,$65.60,$67.936,$65.60
05/17/2023,$65.747,24132980,$64.735,$66.09,$64.458
05/16/2023,$64.144,14969300,$64.046,$64.691,$63.873
05/15/2023,$63.98,14613570,$63.187,$64.002,$62.847
05/12/2023,$63.115,11942460,$62.838,$63.27,$62.421
05/11/2023,$62.767,14429940,$62.658,$62.848,$61.799
05/10/2023,$62.627,19175440,$62.206,$62.80,$61.827
05/09/2023,$61.851,16990480,$62.273,$62.407,$61.586
05/08/2023,$62.906,13935030,$62.978,$63.073,$62.058
05/05/2023,$63.012,24876340,$61.595,$63.147,$61.337
05/04/2023,$61.016,17684380,$61.00,$61.396,$60.129
05/03/2023,$61.32,19815580,$61.69,$62.195,$61.24
05/02/2023,$61.234,28357480,$62.576,$62.65,$60.502
05/01/2023,$63.795,17029890,$62.65,$63.899,$62.62
04/28/2023,$62.65,16183050,$61.907,$62.678,$61.456
04/27/2023,$61.841,18249880,$61.619,$62.009,$60.323
04/26/2023,$61.619,17178910,$61.997,$62.3126,$61.351
04/25/2023,$62.202,23669800,$63.399,$63.599,$62.174
04/24/2023,$63.454,12337710,$63.364,$63.885,$63.1785
04/21/2023,$63.29,14807150,$63.06,$63.38,$62.199
04/20/2023,$63.302,20239270,$62.786,$64.273,$62.714
04/19/2023,$63.45,19061660,$62.679,$63.679,$62.555
04/18/2023,$63.232,16807300,$63.162,$63.55,$62.7133
04/17/2023,$62.736,13201120,$61.861,$62.834,$61.781
04/14/2023,$61.954,17465940,$62.048,$62.803,$61.521
04/13/2023,$62.424,17264970,$61.907,$62.65,$61.711
04/12/2023,$61.67,14112000,$62.734,$62.752,$61.626
04/11/2023,$62.157,16517620,$63.078,$63.088,$62.082
04/10/2023,$62.739,15401740,$61.805,$62.787,$61.6451
04/06/2023,$62.264,14493170,$62.416,$62.84,$61.897
04/05/2023,$62.901,16908750,$63.114,$63.17,$62.57
04/04/2023,$63.441,13429990,$64.315,$64.4235,$63.20
04/03/2023,$64.247,15682460,$63.90,$64.39,$63.644
03/31/2023,$64.154,22097280,$63.054,$64.2215,$62.591
03/30/2023,$63.375,21522940,$63.273,$63.605,$62.93
03/29/2023,$62.55,26395320,$63.278,$63.401,$62.464
03/28/2023,$62.47,12439110,$62.523,$62.6535,$61.886
03/27/2023,$62.684,14708840,$63.90,$63.91,$62.599
03/24/2023,$63.617,17229160,$63.803,$63.93,$62.8553
03/23/2023,$63.923,27164460,$63.89,$64.818,$63.153
03/22/2023,$63.092,25798870,$63.69,$64.85,$63.067
03/21/2023,$63.675,25000110,$64.309,$64.659,$63.433
03/20/2023,$64.371,25857300,$63.274,$64.474,$63.1595
03/17/2023,$63.097,79302800,$63.65,$63.957,$62.708
03/16/2023,$63.65,31721520,$62.185,$63.707,$61.781
03/15/2023,$62.604,22962990,$62.767,$63.007,$61.62
03/14/2023,$63.246,25893330,$62.339,$63.337,$61.85
03/13/2023,$61.647,22364020,$60.709,$62.439,$60.688
03/10/2023,$61.483,26099180,$62.819,$63.016,$61.282
03/09/2023,$62.252,21778320,$63.008,$64.244,$62.188
03/08/2023,$63.226,20913120,$62.778,$63.2725,$62.367
03/07/2023,$62.515,19335500,$63.487,$63.578,$62.351
03/06/2023,$63.292,24982590,$63.50,$64.405,$63.173
03/03/2023,$63.276,46087820,$61.77,$63.573,$61.575
03/02/2023,$59.865,27662540,$58.939,$60.094,$58.613
03/01/2023,$59.357,15483540,$59.40,$59.821,$59.03
02/28/2023,$59.429,27821940,$58.556,$59.8576,$58.218
02/27/2023,$58.545,18322790,$58.587,$58.98,$58.426
02/24/2023,$57.775,15353260,$57.753,$58.024,$57.361
02/23/2023,$58.38,18939300,$58.575,$58.594,$57.368
02/22/2023,$57.617,23475250,$58.225,$58.3088,$57.21
02/21/2023,$58.154,22738740,$59.00,$59.309,$57.984
02/17/2023,$59.559,14215600,$60.00,$60.085,$59.245
02/16/2023,$60.054,17448710,$60.075,$60.894,$59.955
02/15/2023,$60.769,12688950,$59.886,$60.828,$59.67
02/14/2023,$60.231,17571190,$59.417,$60.558,$59.3315
02/13/2023,$60.112,19847420,$59.50,$60.148,$59.347
02/10/2023,$59.325,21034560,$59.631,$59.846,$58.963
02/09/2023,$59.941,18836570,$61.26,$61.493,$59.548
02/08/2023,$60.171,15290120,$60.668,$61.018,$60.062
02/07/2023,$61.445,24024870,$60.066,$61.701,$59.972
02/06/2023,$60.13,18709330,$59.334,$60.322,$59.226
02/03/2023,$59.762,19094190,$59.80,$60.804,$59.625
02/02/2023,$60.577,24187660,$60.763,$61.314,$59.975
02/01/2023,$60.275,26552700,$58.357,$60.83,$58.27
01/31/2023,$58.501,23719070,$58.207,$58.723,$58.0735
01/30/2023,$58.145,16984060,$58.30,$58.961,$57.976
01/27/2023,$59.099,19344640,$59.332,$59.925,$59.019
01/26/2023,$59.858,24524570,$59.041,$60.056,$58.626
01/25/2023,$58.568,13765940,$57.767,$58.697,$57.604
01/24/2023,$58.503,13824660,$57.844,$58.669,$57.563
01/23/2023,$58.163,23428820,$57.20,$58.4793,$56.978
01/20/2023,$57.078,22950200,$56.303,$57.136,$55.911
01/19/2023,$56.322,22693820,$56.912,$57.006,$56.031
01/18/2023,$57.429,15703660,$58.321,$58.756,$57.372
01/17/2023,$57.924,15835060,$57.49,$58.536,$57.454
01/13/2023,$57.90,19647480,$57.715,$58.193,$57.6675
01/12/2023,$58.194,19513950,$57.559,$58.511,$57.376
01/11/2023,$57.814,22502470,$57.30,$57.834,$56.687
01/10/2023,$57.493,44635320,$57.20,$57.513,$54.999
01/09/2023,$57.689,37738740,$59.23,$60.1675,$56.056
01/06/2023,$58.843,35261010,$56.312,$59.10,$56.2305
01/05/2023,$55.502,16278850,$55.571,$55.984,$55.112
01/04/2023,$56.024,17073590,$56.299,$56.816,$55.603
01/03/2023,$55.348,20173140,$56.50,$56.757,$55.079
12/30/2022,$55.913,14377250,$55.182,$55.965,$54.801
12/29/2022,$55.781,18176060,$55.185,$56.26,$55.0501
12/28/2022,$54.489,15411560,$55.164,$55.777,$54.245
12/27/2022,$55.354,16677040,$55.155,$55.8105,$54.694
12/23/2022,$55.243,13761020,$55.00,$55.3618,$54.745
12/22/2022,$55.309,27554130,$55.335,$55.494,$54.72
12/21/2022,$56.123,25619120,$54.767,$56.191,$54.695
12/20/2022,$54.402,29830550,$54.517,$54.90,$54.0915
12/19/2022,$54.963,25093180,$55.402,$55.648,$54.572
12/16/2022,$55.591,49548980,$55.745,$55.98,$55.087
12/15/2022,$55.80,36903330,$56.378,$56.6488,$55.77
12/14/2022,$57.444,35218310,$56.855,$58.565,$56.773
12/13/2022,$57.104,40416290,$57.582,$58.184,$56.503
12/12/2022,$55.663,23418420,$54.475,$55.687,$54.224
12/09/2022,$54.472,37028300,$55.094,$55.264,$54.10
12/08/2022,$53.108,27514310,$52.081,$53.242,$52.0385
12/07/2022,$51.85,16523850,$51.96,$52.4999,$51.605
12/06/2022,$52.582,19655130,$53.065,$53.357,$52.175
12/05/2022,$53.064,18549830,$53.777,$53.948,$52.5485
12/02/2022,$54.08,19319530,$53.705,$54.27,$53.608
12/01/2022,$55.075,23006450,$55.103,$55.242,$54.1955
11/30/2022,$55.103,47349390,$52.411,$55.166,$51.783
11/29/2022,$52.139,12695850,$52.30,$52.585,$51.483
11/28/2022,$52.221,23510640,$52.524,$52.876,$51.624
11/25/2022,$52.991,7455390,$53.069,$53.458,$52.948
11/23/2022,$53.364,13967170,$53.035,$54.148,$52.88
11/22/2022,$53.005,18919680,$52.297,$53.028,$51.901
11/21/2022,$51.744,18621620,$51.294,$52.085,$51.111
11/18/2022,$51.516,14538710,$51.687,$51.773,$51.10
11/17/2022,$51.211,20385030,$50.50,$51.274,$50.314
11/16/2022,$51.173,25405040,$51.672,$51.854,$51.028
11/15/2022,$52.442,23315390,$52.996,$53.257,$51.591
11/14/2022,$51.322,21601820,$51.539,$52.502,$51.30
11/11/2022,$51.809,26728320,$50.48,$51.90,$50.20
11/10/2022,$50.657,33970280,$49.10,$50.717,$48.7192
11/09/2022,$46.947,23695090,$47.85,$47.90,$46.903
11/08/2022,$48.211,20743210,$48.1245,$48.88,$47.35
11/07/2022,$47.522,17687450,$46.677,$47.774,$46.157
11/04/2022,$46.53,28890540,$45.686,$46.889,$45.328
11/03/2022,$44.412,23887270,$45.094,$45.2859,$44.136
11/02/2022,$45.603,21091310,$47.028,$48.045,$45.572
11/01/2022,$46.79,16324380,$47.5795,$47.6825,$46.317
10/31/2022,$47.012,19258610,$46.685,$47.281,$46.501
10/28/2022,$47.29,23096080,$45.696,$47.434,$45.5645
10/27/2022,$45.54,18511860,$46.605,$47.077,$45.491
10/26/2022,$46.118,29315190,$45.799,$47.1755,$45.5343
10/25/2022,$46.007,18246090,$45.799,$46.426,$45.683
10/24/2022,$45.652,25287010,$45.273,$45.879,$45.111
10/21/2022,$44.973,26979680,$43.209,$45.066,$42.917
10/20/2022,$43.03,23403190,$43.513,$44.219,$42.814
10/19/2022,$43.53,12702350,$43.323,$43.83,$43.088
10/18/2022,$43.483,20340870,$44.821,$44.855,$43.016
10/17/2022,$43.537,24120090,$43.955,$44.124,$43.339
10/14/2022,$42.71,22816710,$44.328,$44.396,$42.641
10/13/2022,$43.797,27984380,$41.742,$44.377,$41.5068
10/12/2022,$43.057,15046250,$43.225,$43.572,$42.801
10/11/2022,$43.076,28046330,$43.52,$43.87,$42.558
10/10/2022,$43.77,33454120,$46.00,$46.01,$43.184
10/07/2022,$46.048,28425460,$47.238,$47.334,$45.902
10/06/2022,$47.95,17250000,$48.379,$48.97,$47.8715
10/05/2022,$48.48,18493240,$47.255,$48.8086,$47.146
10/04/2022,$47.986,27276960,$46.85,$48.016,$46.586
10/03/2022,$45.678,21478930,$44.924,$46.0954,$44.6965
09/30/2022,$44.401,27202200,$44.906,$45.7818,$44.3635
09/29/2022,$45.013,39996620,$46.09,$46.137,$44.488
09/28/2022,$46.596,27605440,$46.134,$46.875,$45.635
09/27/2022,$46.475,17851610,$46.955,$46.989,$45.651
09/26/2022,$46.226,19360950,$46.898,$47.33,$46.131
09/23/2022,$46.868,29649070,$47.495,$47.799,$46.20
09/22/2022,$47.761,23539990,$48.243,$48.321,$47.30
09/21/2022,$48.214,20669130,$49.099,$49.988,$48.177
09/20/2022,$49.306,17131640,$49.60,$49.883,$48.972
09/19/2022,$50.184,17948260,$49.442,$50.339,$49.442
09/16/2022,$50.25,59012140,$49.772,$50.369,$48.986
09/15/2022,$50.014,36573610,$50.893,$51.156,$49.728
09/14/2022,$51.075,20604500,$50.713,$51.30,$50.277
09/13/2022,$50.365,35136030,$51.384,$51.827,$50.168
09/12/2022,$52.906,18158000,$52.675,$53.126,$52.456
09/09/2022,$52.24,23018880,$51.544,$52.597,$51.544
09/08/2022,$51.193,22534770,$50.26,$51.274,$49.8695
09/07/2022,$50.513,20440270,$50.291,$50.943,$49.908
09/06/2022,$49.82,24738550,$49.853,$50.40,$49.037
09/02/2022,$50.022,40425870,$51.80,$51.981,$49.83
09/01/2022,$49.201,31930460,$49.147,$49.329,$48.084
08/31/2022,$49.911,32444690,$51.016,$51.016,$49.654
08/30/2022,$50.639,18281670,$51.684,$51.791,$50.139
08/29/2022,$51.418,16580150,$52.00,$52.274,$51.20
08/26/2022,$52.086,25682560,$54.8835,$55.099,$52.00
08/25/2022,$55.013,17345230,$53.345,$55.048,$53.226
08/24/2022,$53.084,11884960,$52.956,$53.13,$52.344
08/23/2022,$52.978,9003170,$53.385,$53.762,$52.891
08/22/2022,$52.875,18555840,$54.257,$54.309,$52.705
08/19/2022,$54.843,16924550,$55.086,$55.558,$54.787
08/18/2022,$55.845,23459590,$54.341,$56.056,$54.163
08/17/2022,$53.859,19022210,$54.437,$54.471,$53.104
08/16/2022,$55.165,14783840,$55.752,$55.794,$54.601
08/15/2022,$55.896,14329650,$55.423,$55.9785,$55.05
08/12/2022,$55.823,18400200,$54.781,$55.841,$54.565
08/11/2022,$54.543,14270350,$55.395,$55.7765,$54.425
08/10/2022,$55.041,19518720,$54.606,$55.102,$53.924
08/09/2022,$53.28,20074170,$53.909,$53.935,$52.775
08/08/2022,$54.553,13728210,$54.935,$55.299,$53.874
08/05/2022,$55.144,14357440,$54.49,$55.20,$54.328
08/04/2022,$55.28,16292510,$54.841,$55.315,$54.501
08/03/2022,$54.674,19228160,$53.529,$54.80,$53.412
08/02/2022,$53.121,13072310,$53.322,$53.92,$52.723
08/01/2022,$53.637,11485390,$53.143,$53.9785,$53.044
07/29/2022,$53.548,18482870,$53.198,$53.783,$53.027
07/28/2022,$53.361,14867450,$52.859,$53.6515,$52.058
07/27/2022,$52.779,25528440,$51.82,$53.019,$51.693
07/26/2022,$51.109,17957820,$51.463,$51.681,$50.892
07/25/2022,$51.311,15060530,$51.046,$51.332,$50.6532
07/22/2022,$51.252,17866840,$51.881,$51.979,$50.668
07/21/2022,$51.768,13911500,$51.255,$51.781,$50.602
07/20/2022,$51.177,27411730,$50.954,$51.761,$50.447
07/19/2022,$50.90,27257070,$49.68,$51.135,$49.589
07/18/2022,$49.106,18042340,$50.016,$50.241,$48.819
07/15/2022,$49.446,18713750,$49.083,$49.474,$48.613
07/14/2022,$48.464,19956820,$48.245,$48.668,$47.3425
07/13/2022,$48.173,17667460,$47.498,$48.5636,$47.2288
07/12/2022,$48.137,21160950,$48.782,$49.26,$48.007
07/11/2022,$48.286,21481410,$48.949,$49.162,$48.098
07/08/2022,$49.869,12713380,$49.299,$49.963,$49.00
07/07/2022,$49.854,21318870,$48.811,$50.139,$48.811
07/06/2022,$48.261,22975990,$48.053,$48.705,$47.55
07/05/2022,$47.63,20716000,$47.20,$47.693,$46.391
07/01/2022,$47.784,21316930,$47.941,$48.4265,$46.943
06/30/2022,$48.581,18889970,$48.803,$49.374,$48.071
06/29/2022,$49.041,14443970,$49.548,$49.593,$48.667
06/28/2022,$49.845,15669040,$51.261,$51.415,$49.8105
06/27/2022,$50.571,13207180,$51.38,$51.4035,$50.282
06/24/2022,$50.909,21201400,$50.50,$51.18,$50.1445
06/23/2022,$49.658,16707760,$50.175,$50.175,$49.101
06/22/2022,$49.61,24721170,$49.631,$50.377,$49.42
06/21/2022,$50.377,21900650,$50.408,$51.091,$50.289
06/17/2022,$49.865,43503960,$49.50,$50.036,$48.787
06/16/2022,$49.718,37244420,$51.195,$51.443,$49.2275
06/15/2022,$52.671,19140540,$52.915,$53.383,$51.552
06/14/2022,$52.017,24381730,$52.497,$52.497,$51.459
06/13/2022,$51.762,31619050,$52.678,$53.30,$51.6021
06/10/2022,$54.127,24024360,$55.009,$55.1043,$53.9722
06/09/2022,$55.622,18787400,$56.116,$57.364,$55.593
06/08/2022,$56.536,24005040,$57.182,$57.627,$56.214
06/07/2022,$57.299,15894910,$56.054,$57.454,$55.753
06/06/2022,$56.123,14556780,$57.152,$57.272,$55.754
06/03/2022,$56.332,20561710,$56.887,$56.96,$56.098
06/02/2022,$57.674,29489390,$57.775,$57.777,$56.813
06/01/2022,$57.362,18344810,$58.758,$59.094,$56.843
05/31/2022,$58.013,30009400,$58.45,$58.7025,$57.60
05/27/2022,$58.328,37301140,$56.209,$58.5455,$56.001
05/26/2022,$55.066,39742830,$53.154,$55.457,$52.772
05/25/2022,$53.163,17842250,$52.39,$53.745,$52.39
05/24/2022,$52.42,25060190,$52.666,$52.887,$51.619
05/23/2022,$52.636,58585800,$52.40,$53.557,$51.426
05/20/2022,$54.319,40281030,$55.39,$55.499,$51.244
05/19/2022,$54.621,34884210,$55.80,$56.075,$53.896
05/18/2022,$57.057,35024330,$60.00,$60.072,$56.618
05/17/2022,$60.815,24676040,$59.545,$60.90,$59.361
05/16/2022,$58.267,14190840,$58.438,$58.914,$57.765
05/13/2022,$58.824,19450850,$57.705,$59.159,$57.35
05/12/2022,$57.157,25517750,$56.34,$57.361,$55.826
05/11/2022,$56.711,26659510,$57.458,$58.469,$56.586
05/10/2022,$58.139,29273110,$58.049,$59.115,$57.18
05/09/2022,$56.292,30073880,$57.288,$57.80,$56.027
05/06/2022,$58.01,20747000,$57.494,$58.998,$56.943
05/05/2022,$57.999,32806490,$59.423,$59.7865,$57.4285
05/04/2022,$60.366,23895850,$58.179,$60.407,$57.398
05/03/2022,$58.117,17064490,$57.601,$58.675,$57.1767
05/02/2022,$57.635,26724710,$55.714,$57.764,$55.638
04/29/2022,$55.439,26110060,$57.262,$57.8281,$55.3395
04/28/2022,$57.894,22334000,$56.594,$58.502,$55.797
04/27/2022,$55.954,19313240,$55.579,$57.0075,$55.50
04/26/2022,$56.007,35808910,$58.38,$58.546,$55.971
04/25/2022,$58.788,26959070,$58.149,$58.876,$57.112
04/22/2022,$58.695,21065190,$59.011,$59.874,$58.626
04/21/2022,$59.273,20352110,$60.554,$61.587,$59.066
04/20/2022,$59.772,13919900,$60.42,$61.343,$59.513
04/19/2022,$59.762,16582420,$57.936,$59.8695,$57.936
04/18/2022,$58.65,21374530,$57.285,$59.122,$57.285
04/14/2022,$57.385,27384710,$59.499,$59.706,$57.286
04/13/2022,$59.254,20267600,$58.85,$59.671,$58.605
04/12/2022,$58.507,17349930,$58.911,$59.8585,$58.217
04/11/2022,$58.061,23512400,$58.258,$58.928,$57.943
04/08/2022,$58.70,20463970,$59.738,$59.859,$58.597
04/07/2022,$60.305,16583330,$59.983,$60.7644,$59.324
04/06/2022,$60.20,23742370,$60.208,$61.159,$59.377
04/05/2022,$61.412,19777820,$62.955,$63.2264,$61.30
04/04/2022,$63.485,16485730,$62.6425,$63.672,$62.4515
04/01/2022,$62.698,16266850,$63.169,$63.457,$61.869
03/31/2022,$62.968,21730510,$63.048,$63.90,$62.805
03/30/2022,$63.109,18626200,$63.887,$64.429,$62.733
03/29/2022,$64.147,23001380,$64.00,$64.531,$63.00
03/28/2022,$63.288,14428610,$62.588,$63.33,$61.578
03/25/2022,$62.887,14540870,$62.708,$63.0405,$62.0065
03/24/2022,$62.643,26015800,$60.663,$62.7217,$60.20
03/23/2022,$59.938,13838860,$60.80,$61.137,$59.916
03/22/2022,$61.134,19261800,$60.172,$61.35,$59.933
03/21/2022,$60.129,25789300,$60.56,$60.56,$58.886
03/18/2022,$61.041,41537880,$60.397,$61.321,$59.599
03/17/2022,$60.267,18174020,$60.472,$60.70,$59.763
03/16/2022,$60.712,29453720,$59.665,$60.7705,$58.406
03/15/2022,$59.276,28259880,$57.727,$59.676,$57.504
03/14/2022,$56.78,25233900,$57.696,$57.998,$56.475
03/11/2022,$57.785,19815340,$59.20,$59.443,$57.712
03/10/2022,$58.773,19323640,$58.556,$59.002,$57.637
03/09/2022,$59.702,22560490,$58.879,$60.1635,$58.70
03/08/2022,$57.595,26992610,$57.217,$59.605,$56.361
03/07/2022,$57.07,26493630,$59.708,$59.878,$57.00
03/04/2022,$59.599,44761930,$59.279,$60.591,$58.401
03/03/2022,$57.86,26453970,$59.368,$59.37,$57.433
03/02/2022,$58.578,21771310,$57.452,$59.053,$57.358
03/01/2022,$57.012,24898100,$58.479,$58.762,$56.53
02/28/2022,$58.744,25004870,$58.10,$59.23,$57.638
02/25/2022,$58.801,22380030,$57.983,$58.938,$57.40
02/24/2022,$58.00,35316190,$55.158,$58.569,$54.902
02/23/2022,$56.519,22416460,$58.023,$58.507,$56.474
02/22/2022,$57.746,20204210,$57.999,$59.021,$56.981
02/18/2022,$57.999,19707720,$58.094,$58.774,$57.328
02/17/2022,$57.90,21424340,$58.97,$59.158,$57.889
02/16/2022,$59.721,22931430,$59.406,$60.081,$58.722
02/15/2022,$60.277,34284370,$58.903,$60.6039,$58.825
02/14/2022,$57.858,19290910,$57.50,$58.2812,$57.007
02/11/2022,$57.342,27280640,$59.136,$59.976,$56.9075
02/10/2022,$59.136,24919540,$59.53,$61.464,$58.857
02/09/2022,$61.134,22003610,$60.7353,$61.172,$60.156
02/08/2022,$60.022,14571740,$58.838,$60.185,$58.699
02/07/2022,$58.763,18673020,$59.016,$60.158,$58.416
02/04/2022,$59.016,20548440,$57.638,$59.653,$57.614
02/03/2022,$58.085,30601760,$59.567,$59.902,$58.012
02/02/2022,$60.343,24443380,$59.90,$60.48,$59.3631
02/01/2022,$59.272,25719480,$58.587,$59.39,$57.5823
01/31/2022,$58.588,40288460,$55.94,$58.637,$55.60
01/28/2022,$56.01,30253630,$54.336,$56.05,$53.239
01/27/2022,$54.231,34209550,$56.972,$57.0255,$54.1025
01/26/2022,$55.712,49714870,$55.20,$57.417,$55.007
01/25/2022,$53.414,38158240,$52.80,$54.54,$52.422
01/24/2022,$54.158,54267240,$53.089,$54.351,$51.34
01/21/2022,$53.323,38010470,$54.664,$55.54,$53.134
01/20/2022,$54.772,25224780,$56.80,$57.014,$54.677
01/19/2022,$56.397,22691720,$58.158,$58.473,$56.333
01/18/2022,$57.779,35837060,$58.832,$59.104,$57.599
01/14/2022,$59.637,25662830,$59.578,$60.038,$59.20
01/13/2022,$59.719,30047920,$62.747,$62.788,$59.415
01/12/2022,$62.20,18806390,$62.751,$63.099,$61.974
01/11/2022,$62.205,19036530,$61.554,$62.80,$61.457
01/10/2022,$62.116,29793380,$60.886,$62.204,$60.357
01/07/2022,$61.915,27831730,$63.585,$63.991,$61.846
01/06/2022,$63.703,28581300,$64.016,$64.865,$63.443
01/05/2022,$64.30,34961110,$67.121,$67.121,$64.201
01/04/2022,$67.092,21102770,$66.2875,$67.2186,$65.7225
01/03/2022,$66.332,22599500,$66.6317,$67.17,$66.122
12/31/2021,$66.541,12046140,$66.697,$67.131,$66.327
12/30/2021,$66.508,11473140,$67.31,$67.57,$66.384
12/29/2021,$67.261,14799570,$66.9797,$67.70,$66.912
12/28/2021,$66.90,17250410,$67.755,$67.776,$66.703
12/27/2021,$67.428,19445030,$66.48,$67.63,$66.446
12/23/2021,$66.48,23596250,$65.613,$67.073,$65.613
12/22/2021,$65.52,28382930,$64.332,$65.716,$63.926
12/21/2021,$64.624,36533890,$64.81,$64.947,$63.33
12/20/2021,$64.503,32770470,$62.63,$64.609,$62.509
12/17/2021,$63.496,50753100,$61.753,$63.999,$61.51
12/16/2021,$62.068,42748420,$63.736,$64.0656,$61.15
12/15/2021,$63.986,29091680,$61.557,$64.086,$61.034
12/14/2021,$61.491,35956350,$61.784,$61.862,$60.564
12/13/2021,$62.166,26898300,$63.40,$63.442,$62.123
12/10/2021,$63.168,57086650,$62.398,$64.475,$61.859
12/09/2021,$58.342,29079600,$58.245,$59.024,$58.245
12/08/2021,$58.856,17997650,$59.094,$59.094,$58.243
12/07/2021,$59.04,29562070,$57.20,$59.307,$57.20
12/06/2021,$56.498,22482290,$56.4647,$56.8373,$55.595
12/03/2021,$55.812,20307390,$56.4945,$56.90,$55.04
12/02/2021,$55.245,22618720,$54.607,$55.911,$54.40
12/01/2021,$55.476,21982880,$56.348,$56.848,$55.333
11/30/2021,$55.368,22577490,$56.327,$56.499,$55.20
11/29/2021,$56.434,18703450,$55.62,$56.755,$55.368
11/26/2021,$54.659,14219030,$55.177,$55.73,$54.332
11/24/2021,$55.873,12087250,$55.323,$55.908,$54.739
11/23/2021,$55.512,17109890,$55.242,$55.586,$54.853
11/22/2021,$55.328,25900560,$57.168,$57.204,$55.248
11/19/2021,$56.872,19630320,$57.6281,$57.721,$56.593
11/18/2021,$57.481,12713330,$57.11,$57.673,$56.964
11/17/2021,$56.964,12532940,$56.814,$57.1356,$56.41
11/16/2021,$56.877,13194040,$56.409,$56.953,$56.274
11/15/2021,$56.577,13972390,$56.769,$56.769,$55.983
11/12/2021,$56.322,13592220,$55.841,$56.584,$55.459
11/11/2021,$55.54,14157010,$55.269,$55.712,$54.881
11/10/2021,$54.877,18448240,$55.43,$56.0902,$54.805
11/09/2021,$55.78,15838430,$55.919,$56.1901,$55.514
11/08/2021,$55.895,17233650,$56.197,$56.389,$55.81
11/05/2021,$55.892,18673510,$55.00,$55.967,$54.981
11/04/2021,$54.862,15958040,$54.38,$54.907,$54.0925
11/03/2021,$54.237,14037840,$53.9053,$54.3795,$53.377
11/02/2021,$53.707,16263000,$52.7447,$54.082,$52.668
11/01/2021,$52.805,16895980,$53.0336,$53.2575,$52.493
10/29/2021,$53.167,15564290,$52.35,$53.215,$52.35
10/28/2021,$52.957,11875230,$52.414,$52.995,$52.343
10/27/2021,$52.311,23500340,$53.182,$53.607,$52.186
10/26/2021,$53.387,24043040,$52.5225,$53.499,$52.40
10/25/2021,$52.207,12415540,$51.749,$52.45,$51.518
10/22/2021,$51.541,15367390,$51.4742,$52.138,$51.302
10/21/2021,$51.415,11786790,$50.942,$51.479,$50.86
10/20/2021,$50.939,13458450,$51.10,$51.343,$50.844
10/19/2021,$51.039,16383060,$50.432,$51.087,$50.177
10/18/2021,$50.336,16042420,$50.039,$50.398,$49.866
10/15/2021,$50.325,25104610,$50.4404,$50.586,$50.108
10/14/2021,$49.76,19232970,$49.186,$49.915,$49.0815
10/13/2021,$48.501,16425330,$48.117,$48.538,$47.955
10/12/2021,$48.528,20990540,$49.584,$49.67,$48.202
10/11/2021,$49.234,11188040,$49.124,$49.959,$49.085
10/08/2021,$49.285,10279840,$49.682,$49.80,$49.128
10/07/2021,$49.392,13260880,$49.263,$49.99,$49.263
10/06/2021,$48.878,12041690,$48.313,$48.935,$47.97
10/05/2021,$48.542,16557980,$47.594,$48.979,$47.533
10/04/2021,$47.595,20092840,$48.493,$48.656,$47.278
10/01/2021,$48.735,16051750,$48.785,$48.866,$47.75
09/30/2021,$48.493,15735390,$49.452,$49.452,$48.448
09/29/2021,$48.948,15783670,$49.363,$49.427,$48.765
09/28/2021,$49.102,20124090,$49.70,$50.145,$49.054
09/27/2021,$50.485,9830990,$49.9776,$50.582,$49.738
09/24/2021,$50.492,10607930,$50.227,$50.55,$50.083
09/23/2021,$50.43,18370270,$50.251,$50.729,$50.059
09/22/2021,$50.059,20610430,$49.425,$50.30,$49.222
09/21/2021,$49.099,16936220,$49.349,$49.375,$48.70
09/20/2021,$49.482,30105470,$49.90,$50.30,$48.844
09/17/2021,$50.60,34469680,$50.397,$50.762,$50.10
09/16/2021,$50.735,17569170,$50.52,$50.915,$50.0207
09/15/2021,$50.974,23345780,$50.212,$51.07,$49.942
09/14/2021,$50.187,14134100,$50.20,$50.542,$49.836
09/13/2021,$49.896,14929820,$50.20,$50.247,$49.3261
09/10/2021,$49.815,16110290,$49.705,$50.599,$49.651
09/09/2021,$49.349,13175030,$49.285,$49.8698,$49.285
09/08/2021,$49.438,13986750,$49.962,$49.989,$48.811
09/07/2021,$49.659,12399440,$49.76,$49.76,$49.10
09/03/2021,$49.768,25204670,$49.591,$50.60,$49.5043
09/02/2021,$49.19,17122490,$49.579,$49.598,$49.016
09/01/2021,$49.316,12585890,$49.627,$49.924,$49.2885
08/31/2021,$49.721,17380400,$50.129,$50.129,$49.27
08/30/2021,$49.889,19613640,$50.00,$50.785,$49.8254
08/27/2021,$49.594,16460770,$48.801,$49.6445,$48.664
08/26/2021,$48.574,10837640,$48.30,$48.811,$48.06
08/25/2021,$48.341,10016930,$48.1565,$48.627,$48.1565
08/24/2021,$48.143,9429230,$48.24,$48.304,$48.016
08/23/2021,$48.245,15707410,$47.633,$48.619,$47.5695
08/20/2021,$47.517,10008070,$47.282,$47.623,$47.044
08/19/2021,$47.353,14043680,$46.635,$47.583,$46.266
08/18/2021,$46.897,15616430,$47.665,$47.708,$46.8345
08/17/2021,$47.869,16500870,$48.559,$48.622,$47.452
08/16/2021,$48.814,9188620,$48.483,$48.8912,$48.44
08/13/2021,$48.616,8582270,$48.261,$48.897,$48.211
08/12/2021,$48.426,8702010,$48.228,$48.50,$47.6731
08/11/2021,$48.355,9816020,$48.4812,$48.597,$47.9787
08/10/2021,$48.226,9320060,$48.59,$48.645,$47.783
08/09/2021,$48.468,5953900,$48.649,$48.683,$48.10
08/06/2021,$48.543,9964630,$48.507,$48.812,$48.403
08/05/2021,$48.767,8372720,$49.043,$49.043,$48.4886
08/04/2021,$48.78,12124190,$48.853,$48.998,$48.401
08/03/2021,$48.679,11134830,$48.549,$48.7755,$47.996
08/02/2021,$48.468,15621640,$48.905,$49.46,$48.351
07/30/2021,$48.54,11548270,$48.196,$48.634,$47.957
07/29/2021,$48.411,9161720,$47.8465,$48.5825,$47.744
07/28/2021,$47.765,8361850,$47.67,$47.908,$47.432
07/27/2021,$47.536,14715210,$48.076,$48.181,$46.78
07/26/2021,$48.224,11160870,$48.216,$48.362,$47.968
07/23/2021,$48.315,13489200,$48.003,$48.358,$47.683
07/22/2021,$47.633,12583960,$47.66,$47.899,$47.451
07/21/2021,$47.902,13660680,$46.963,$47.928,$46.85
07/20/2021,$46.859,20727790,$46.789,$47.225,$46.327
07/19/2021,$46.567,14938780,$46.348,$46.597,$45.759
07/16/2021,$46.807,13981470,$47.906,$48.028,$46.726
07/15/2021,$47.734,12624880,$48.328,$48.445,$47.312
07/14/2021,$48.159,14019870,$48.92,$49.20,$48.0745
07/13/2021,$48.401,11806460,$48.533,$48.753,$48.20
07/12/2021,$48.575,33141610,$48.132,$49.402,$47.326
07/09/2021,$48.018,16783440,$46.957,$48.088,$46.803
07/08/2021,$47.05,16011600,$46.442,$47.108,$46.156
07/07/2021,$46.954,12581750,$47.50,$47.536,$46.637
07/06/2021,$47.328,13871360,$47.04,$47.675,$46.83
07/02/2021,$46.817,37058590,$47.6771,$47.858,$45.571
07/01/2021,$46.964,11153740,$47.784,$47.784,$46.893
06/30/2021,$47.684,15382680,$47.813,$47.859,$47.2525
06/29/2021,$47.715,14184300,$47.237,$47.731,$47.074
06/28/2021,$47.28,13986740,$46.60,$47.629,$46.551
06/25/2021,$46.22,19099570,$47.135,$47.245,$46.00
06/24/2021,$47.006,12502720,$46.989,$47.365,$46.86
06/23/2021,$46.666,17674120,$46.386,$46.7875,$46.3035
06/22/2021,$46.445,13721970,$46.658,$46.858,$46.132
06/21/2021,$46.461,18591790,$46.117,$46.538,$45.844
06/18/2021,$46.35,28536890,$46.727,$46.9755,$46.0505
06/17/2021,$47.117,20880790,$46.488,$47.524,$46.394
06/16/2021,$46.575,20438030,$47.027,$47.112,$46.148
06/15/2021,$47.074,11131220,$47.656,$47.657,$46.855
06/14/2021,$47.583,14676170,$47.049,$47.59,$46.606
06/11/2021,$47.07,14508400,$46.844,$47.213,$46.7145
06/10/2021,$46.867,15415040,$46.55,$46.954,$46.021
06/09/2021,$46.393,12127810,$46.719,$46.719,$46.1715
06/08/2021,$46.353,16615650,$46.805,$47.239,$46.351
06/07/2021,$46.378,24141600,$47.30,$47.448,$46.247
06/04/2021,$47.50,23867160,$47.05,$47.84,$46.952
06/03/2021,$46.48,20388960,$46.88,$46.976,$46.326
06/02/2021,$47.373,13286400,$47.183,$47.77,$46.947
06/01/2021,$46.831,16277350,$47.544,$47.80,$46.72
05/28/2021,$47.233,19947620,$47.00,$47.462,$46.768
05/27/2021,$46.768,19098350,$46.00,$46.844,$45.9645
05/26/2021,$46.049,9874090,$46.077,$46.21,$45.553
05/25/2021,$45.954,9600270,$46.19,$46.296,$45.6495
05/24/2021,$45.919,14422590,$45.692,$46.244,$45.6355
05/21/2021,$45.124,13218150,$45.799,$45.799,$44.934
05/20/2021,$45.50,21888920,$44.575,$45.93,$44.533
05/19/2021,$44.172,21369310,$42.60,$44.25,$42.57
05/18/2021,$43.374,17824480,$44.392,$44.4438,$43.328
05/17/2021,$43.994,15724420,$44.214,$44.214,$43.284
05/14/2021,$44.162,16966130,$43.639,$44.512,$43.205
05/13/2021,$43.06,21842210,$42.989,$43.482,$42.564
05/12/2021,$42.238,29943190,$42.9286,$43.086,$41.914
05/11/2021,$44.007,17889130,$42.50,$44.176,$42.305
05/10/2021,$43.61,25238500,$44.838,$44.8532,$43.5765
05/07/2021,$45.258,11711640,$45.459,$45.838,$44.92
05/06/2021,$44.858,13496370,$44.38,$44.909,$43.984
05/05/2021,$44.383,16389810,$45.0414,$45.144,$44.237
05/04/2021,$44.454,23497230,$44.722,$44.77,$43.731
05/03/2021,$45.014,15097650,$45.975,$45.984,$44.828
04/30/2021,$45.62,19367640,$45.971,$46.0733,$45.384
04/29/2021,$46.629,14649940,$46.969,$46.969,$45.903
04/28/2021,$45.92,15939720,$46.537,$46.597,$45.605
04/27/2021,$46.635,13267210,$47.37,$47.426,$46.506
04/26/2021,$47.185,18271570,$46.702,$47.3825,$46.3573
04/23/2021,$46.613,22891670,$45.849,$46.785,$45.75
04/22/2021,$45.511,27057740,$45.51,$46.114,$44.90
04/21/2021,$45.979,25949370,$45.522,$46.034,$45.26
04/20/2021,$45.726,19128400,$46.001,$46.2029,$45.454
04/19/2021,$46.20,26318920,$47.653,$47.68,$46.005
04/16/2021,$47.879,16263840,$48.048,$48.178,$47.678
04/15/2021,$48.00,18371110,$48.164,$48.2315,$47.678
04/14/2021,$47.73,18223410,$48.247,$48.919,$47.519
04/13/2021,$48.496,15281100,$48.50,$48.822,$48.0289
04/12/2021,$48.367,23247760,$48.193,$48.542,$47.86
04/09/2021,$48.509,16617460,$48.00,$48.531,$47.654
04/08/2021,$48.548,18121020,$48.798,$48.798,$48.012
04/07/2021,$48.246,12073830,$48.001,$48.391,$47.80
04/06/2021,$48.387,18063000,$48.3115,$48.822,$47.774
04/05/2021,$48.848,22965660,$48.03,$48.9635,$47.682
04/01/2021,$47.595,23529510,$47.207,$47.658,$46.92
03/31/2021,$46.366,28684420,$45.90,$46.707,$45.24
03/30/2021,$45.616,27935200,$46.388,$46.40,$45.162
03/29/2021,$47.262,28411040,$48.04,$48.116,$46.827
03/26/2021,$48.204,28924530,$45.664,$48.30,$45.664
03/25/2021,$46.17,17538680,$45.496,$46.402,$44.931
03/24/2021,$45.727,20882740,$46.945,$46.999,$45.687
03/23/2021,$46.406,24711880,$47.378,$47.537,$46.265
03/22/2021,$47.528,31807050,$47.291,$48.128,$47.167
03/19/2021,$47.446,108602500,$45.705,$47.6675,$45.41
03/18/2021,$46.415,28743290,$47.456,$48.335,$46.375
03/17/2021,$48.359,23753580,$47.03,$48.727,$47.001
03/16/2021,$47.818,31190150,$47.127,$48.40,$46.7405
03/15/2021,$47.077,31299370,$45.518,$47.123,$45.319
03/12/2021,$45.117,18906070,$44.536,$45.349,$44.4519
03/11/2021,$45.369,26169550,$44.902,$45.745,$44.2092
03/10/2021,$43.759,19914280,$44.735,$45.403,$43.51
03/09/2021,$44.36,37884490,$43.569,$44.69,$43.06
03/08/2021,$42.125,45243280,$44.683,$44.796,$41.926
03/05/2021,$45.014,42414000,$45.425,$45.60,$43.30
03/04/2021,$44.359,34574690,$46.167,$46.70,$44.143
03/03/2021,$46.306,23991340,$47.80,$48.139,$46.197
03/02/2021,$48.051,18545740,$49.037,$49.086,$47.96
03/01/2021,$48.958,24682390,$47.97,$49.00,$47.386
02/26/2021,$46.987,22643470,$46.753,$47.576,$46.074
02/25/2021,$45.716,23147970,$47.475,$47.9375,$45.521
02/24/2021,$48.088,15125300,$46.768,$48.141,$46.266
02/23/2021,$47.19,21306080,$47.114,$47.462,$45.606
02/22/2021,$47.636,16967050,$48.40,$48.661,$47.5315
02/19/2021,$48.996,17994490,$48.725,$49.514,$48.6765
02/18/2021,$48.326,16714530,$48.023,$48.541,$47.5127
02/17/2021,$48.248,14085890,$48.423,$48.612,$47.506
02/16/2021,$48.913,15163380,$49.0875,$49.478,$48.702
02/12/2021,$48.632,13551910,$47.838,$48.702,$47.4885
02/11/2021,$47.839,17123540,$47.369,$47.935,$46.919
02/10/2021,$47.005,14590420,$47.721,$47.7485,$46.549
02/09/2021,$47.463,12759220,$47.20,$47.519,$46.862
02/08/2021,$47.27,17611310,$46.875,$47.342,$46.558
02/05/2021,$46.601,12489350,$47.433,$47.692,$46.536
02/04/2021,$47.063,15242650,$46.00,$47.116,$45.7481
02/03/2021,$46.519,17856990,$47.693,$47.852,$46.4585
02/02/2021,$47.688,16140830,$46.976,$47.697,$46.80
02/01/2021,$46.674,17028130,$45.585,$46.9315,$45.359
01/29/2021,$45.05,22071080,$44.99,$45.81,$44.763
01/28/2021,$45.174,16946120,$45.553,$45.848,$44.703
01/27/2021,$44.47,21857270,$45.554,$45.696,$44.151
01/26/2021,$46.387,10741740,$46.265,$46.7034,$46.188
01/25/2021,$46.479,14693910,$46.956,$47.00,$45.608
01/22/2021,$46.502,16247580,$46.3724,$46.755,$46.238
01/21/2021,$46.682,15754200,$46.211,$46.947,$46.04
01/20/2021,$46.188,14711160,$45.952,$46.5789,$45.50
01/19/2021,$45.927,18819350,$44.828,$45.949,$44.828
01/15/2021,$44.585,18167380,$44.818,$45.00,$44.066
01/14/2021,$45.207,19692430,$45.351,$45.85,$45.133
01/13/2021,$45.121,13118090,$45.03,$45.3493,$44.8107
01/12/2021,$44.939,13849010,$44.777,$45.4758,$44.56
01/11/2021,$44.576,11661680,$44.061,$44.878,$44.042
01/08/2021,$44.564,15273470,$44.70,$44.999,$43.8646
01/07/2021,$44.339,21269600,$43.2062,$44.459,$43.06
01/06/2021,$42.546,17226180,$42.33,$43.458,$42.054
01/05/2021,$42.81,15069120,$42.505,$42.939,$42.24
01/04/2021,$42.522,24172250,$43.933,$44.224,$42.1235
12/31/2020,$43.785,10211520,$43.631,$43.85,$43.305
12/30/2020,$43.483,10554980,$43.167,$43.80,$43.01
12/29/2020,$42.904,9593400,$43.583,$43.583,$42.679
12/28/2020,$43.188,10625240,$43.434,$43.727,$43.115
12/24/2020,$43.146,4122680,$42.849,$43.20,$42.757
12/23/2020,$42.546,10533660,$43.50,$43.60,$42.508
12/22/2020,$43.31,17938010,$42.888,$43.355,$42.80
12/21/2020,$42.888,19096060,$42.815,$43.20,$42.37
12/18/2020,$43.456,45243320,$42.48,$43.565,$42.20
12/17/2020,$42.61,17151760,$42.65,$43.001,$42.4545
12/16/2020,$42.49,23159540,$41.80,$42.7146,$41.6965
12/15/2020,$41.806,21221330,$41.528,$41.939,$41.299
12/14/2020,$41.18,26116110,$40.6529,$41.43,$40.60
12/11/2020,$40.582,26665100,$40.40,$40.70,$39.828
12/10/2020,$41.004,26243600,$41.144,$41.525,$40.801
12/09/2020,$41.622,20908460,$41.947,$42.61,$41.367
12/08/2020,$42.341,18120800,$41.928,$42.67,$41.816
12/07/2020,$42.089,19707490,$41.641,$42.2842,$41.334
12/04/2020,$41.168,20082710,$40.24,$41.24,$40.2385
12/03/2020,$39.98,16122110,$40.45,$40.664,$39.81
12/02/2020,$40.373,10033650,$40.474,$40.541,$40.111
12/01/2020,$40.457,18181540,$40.346,$40.668,$40.012
11/30/2020,$40.158,15453890,$39.402,$40.216,$39.274
11/27/2020,$39.495,6846330,$39.315,$39.917,$39.30
11/25/2020,$39.083,11788490,$39.284,$39.55,$38.90
11/24/2020,$39.223,13458350,$38.862,$39.281,$38.6175
11/23/2020,$38.70,12216040,$38.537,$38.915,$38.30
11/20/2020,$38.333,16148360,$38.431,$38.885,$38.27
11/19/2020,$38.433,14555370,$37.772,$38.484,$37.435
11/18/2020,$38.062,13518540,$37.989,$38.494,$37.962
11/17/2020,$38.06,11950920,$37.866,$38.244,$37.703
11/16/2020,$38.081,12102690,$37.481,$38.137,$37.40
11/13/2020,$37.35,10996880,$37.50,$37.733,$37.158
11/12/2020,$37.02,12174650,$37.723,$37.86,$36.828
11/11/2020,$37.592,15134180,$37.086,$37.714,$36.855
11/10/2020,$36.313,26784170,$37.032,$37.32,$36.036
11/09/2020,$37.554,24088380,$38.91,$39.389,$37.501
11/06/2020,$38.062,13546490,$38.005,$38.367,$37.717
11/05/2020,$38.087,21783420,$37.2357,$38.265,$37.201
11/04/2020,$36.463,21276610,$36.048,$36.898,$35.714
11/03/2020,$35.376,15457000,$35.595,$35.924,$34.666
11/02/2020,$35.125,11756540,$35.504,$35.539,$34.8345
10/30/2020,$34.963,18530260,$34.939,$35.299,$34.442
10/29/2020,$35.501,15697350,$34.726,$35.944,$34.537
10/28/2020,$34.721,22331440,$35.40,$35.486,$34.5525
10/27/2020,$35.96,9619960,$36.518,$36.518,$35.922
10/26/2020,$36.304,15508960,$36.96,$36.9955,$35.761
10/23/2020,$37.272,8868490,$37.326,$37.394,$37.076
10/22/2020,$37.337,13548420,$37.1075,$37.431,$36.711
10/21/2020,$37.205,11896350,$37.577,$37.686,$37.031
10/20/2020,$37.699,13296920,$37.701,$38.1135,$37.556
10/19/2020,$37.577,14802730,$38.124,$38.3605,$37.515
10/16/2020,$37.865,10297020,$38.328,$38.328,$37.815
10/15/2020,$37.993,14373540,$37.505,$38.049,$37.502
10/14/2020,$38.03,17301530,$38.354,$38.3735,$37.785
10/13/2020,$38.149,16731450,$38.441,$38.78,$37.861
10/12/2020,$38.243,18839480,$38.179,$38.51,$37.979
